7492,Gold [0,1,2,5,6]
6791,Gold [0,1,3,4,5,9,13]
4677,Gold [2,3,4,5,6,7,8,10,12]
7344,Bronze [0,1,7,10,12]
5490,Gold [4,12]
6610,Bronze [4,8,10,11,13,14]
5698,Gold [2,3,8]
5381,Bronze [2,4,6,8,10,11]
7678,Gold [0,1,7,8,9,12]
4126,Bronze [3,10,11,12]
5670,Regular [6,10,11]
5334,Bronze [5]
6597,Gold [0,1,2,6,8,9,10]
5100,Gold [1,7,8,9,13,14]
6689,Bronze [0,1,2,3,4,5,8,9,11,12]
5008,Bronze [1,3,8]
8194,Bronze [0,1,2,3,4,6,8,9,10,12]
7596,Regular [0,2,3,4,7,8,10,11]
5184,Regular [6,11,12,13]
6202,Regular [0,1,3,6,10,11]
6251,Gold [1,2,3,6,8,10,12]
6258,Gold [0]
7628,Gold [0,1,3,5,7,8,11,14]
7988,Bronze [0,2,5,8,10,12]
4466,Regular [1,2,3,4,9,10]
5599,Regular [4,5,6,7,9,12]
4920,Bronze [1,3,5,6]
4539,Bronze [1,2,3,8]
8659,Gold [0,3,4,5,6,7,11,14]
8294,Bronze [0,1,2,3,4,5,7,8,9,10]
5339,Bronze [1,2,3,4,7,8,9,12,13,14]
3744,Gold [1,5]
5843,Bronze [4,6,8,11,14]
6319,Gold [3,4,7,12,13,14]
4404,Regular [3]
6721,Gold [0,2,7,8,9,10,11,12,13,14]
6793,Gold [0,5,10,11,13,14]
4728,Regular [14]
3975,Gold [4,9,13]
7816,Regular [0,1,2,4,6,7,8,9,13,14]
4878,Gold [6]
3667,Bronze [13]
6003,Gold [1,2,3,4,8,9,11,12]
4513,Regular [9]
4426,Bronze [2,7]
6342,Bronze [1,2,3,4,5,6,9,11,12,13]
5794,Bronze [2,4,5,6,9,13,14]
5024,Gold [6,9,13,14]
7762,Bronze [0,3,4,11,12,14]
5695,Gold [13,14]
5848,Gold [1,2,9,10]
4635,Bronze [1,5,6,7,8,13]
7949,Regular [0,2,3,4,5,8,10,12,14]
4743,Regular [2,3,4,7,11]
3921,Regular [5,11,12]
6181,Regular [0,2,3,4,6,7,8,9,10,14]
5934,Regular [1,2,3,4,5,6,10,11]
8811,Gold [0,3,4,5,7,9,12,13,14]
8328,Regular [0,1,2,6,7,8,11]
7441,Gold [3,5,7,11,12,14]
7318,Regular [0,3,7,8,9,12,14]
6382,Gold [2,3,4,6,7,9,11,12,14]
6710,Regular [0,13]
7342,Bronze [2,8,9,10,13,14]
5466,Regular [9,12]
7555,Bronze [0,1,2,4,5,6,7,9,10,11]
7082,Gold [0,2,4,5,6,9,10,11,12,13]
5846,Bronze [4,6,7,10,12,13]
4914,Bronze [3]
6204,Bronze [0,2,4,5,11,14]
5343,Bronze [0,5,10,11]
5534,Bronze [7,12,14]
4695,Gold [4,5,7,8,9,12]
5725,Gold [2,3,5,9,12,13,14]
5382,Gold [13]
5050,Regular [14]
7954,Regular [0,7,8,10,12,13]
7964,Gold [0,1,2,3,4,6,9,11,13]
6316,Bronze [0,2,4,8,11,12]
5557,Bronze [1,2,3,4,5,6,8,10,11]
7014,Bronze [2,7,8,14]
5135,Regular [7]
7786,Bronze [3,5,6,7,8,9,10,11,14]
4369,Regular [14]
6854,Regular [1,3,6,8,11,14]
5698,Bronze [0,6,12,13]
5462,Gold [4,7,9,11,14]
8495,Gold [0,2,3,4,6,7,8,12,13,14]
6167,Regular [0,2,12,13,14]
6109,Gold [0,1,3,5,7,8,10,12,14]
5486,Regular [5,6,7,10,11,12,13]
8463,Regular [0,1,4,6,7,8,9,12,13,14]
4450,Gold [5,11]
6562,Gold [0,7,9,10,11,13]
6603,Gold [0,1,2,4,5,7,8,10,11,13]
4142,Regular [5,11]
5410,Regular [2,4,5,6,9,10,12]
6938,Regular [0,1,3,5,12,13]
6323,Bronze [2,3,5,6,9,10,11,12,13]
5825,Regular [0,2,3,5,9,10,13,14]
6007,Bronze [2,4,5,7,8,9,10,13]
5276,Regular [4,7,12,13]
5629,Bronze [1,2,3,8,10,11,12,14]
4922,Gold [2,7]
7118,Bronze [0,3,6,11,12,14]
4423,Gold [1,6,12]
7719,Bronze [0,1,3,5,6,8,11,12]
4635,Regular [1,2,3,8,11]
5175,Bronze [2,4,8,9,13]
6231,Bronze [0,7,9,12,13]
4874,Regular [10]
5485,Regular [4,5,6,8,9,10,13,14]
6691,Bronze [0,2,3,9,10,11,14]
4125,Bronze [11]
4791,Regular [1,2,3,6,7,8,9,11,12,13]
5389,Bronze [1,3,4,6,8,9,10,11]
5890,Bronze [0,3,5,10,11,14]
4228,Bronze [5,12,13]
4794,Regular [2,3,4,5,6,7,10]
5713,Gold [1,3,6,9,12,13]
4950,Regular [2,3,7,8,10,11,12,13]
5240,Bronze [4,14]
5970,Regular [2,4,7,11,14]
6309,Bronze [1,3,4,5,6,8,9,10,12,14]
5665,Bronze [3,4,7,8]
4365,Gold [5]
6160,Gold [0,2,8,10,12,14]
4790,Gold [2,10,11]
5954,Regular [0,1,6,10,11]
6502,Bronze [3,5,6,11,12,14]
7543,Bronze [0,4,11]
6531,Regular [0,1,4,7,9,13]
6060,Regular [2,3,5,7,8,10,13]
6457,Bronze [0,1,2,3,7,8,11,12,13,14]
7423,Gold [0,1,2,5,7,8,10,11,12]
7606,Regular [0,1,2,4,5,7,8,9,10]
5122,Regular [1,3,5,7,8,10,13,14]
4501,Regular [4,6,8,9,11,12]